37.4082	19.1003
0	0
8.94446	1.51419
10.7425	11.1422
3.17268	14.6616
34.6555	52.2575
44.2182	52.3492
6.01954	19.9118
8.61359	17.1261
20.7831	23.9711
46.0751	11.4668
17.0352	9.87188
127.937	8.53275
12.6278	11.2364
774.901	2196.95
141.282	17.6272
25.6887	42.9642
7.00515	45.1763
238.247	110.641
53.3648	26.8134
9.91774	50.3713
20.4331	25.3554
47.6206	13.486
23.5457	40.5345
0.4043	33.8323
4.60682	12.0121
10.5176	15.8552
42.4136	71.5989
8.16304	9.00116
4.80295	9.25277
13.1883	3.13503
7.05135	21.8128
9.92666	2.52748
43.7911	19.2248
33.9658	61.4283
13.2276	5.26412
8.82784	27.8294
5.56124	4.5202
5.32635	12.4525
10.3608	2.73183
36.9181	40.2692
683.643	724.544
30.036	20.2397
48.0438	28.7914
13.1451	13.8462
307.387	14.0616
6.13117	1.75273
6.04676	27.8958
120.546	167.432
90.9214	33.3372
93.4044	9.5224
45.9042	8.16332
105.477	53.0089
201.175	68.8579
21.9381	16.5649
41.3177	37.8909
8.26271	2.94437
0	0
18.583	7.489
31.9688	6.40678
38.2109	24.1635
4.81082	8.96194
17.2211	12.1007
8.92231	10.2009
99.944	30.2259
3.10302	15.1561
42.1313	31.0375
23.9166	5.28894
14.4854	9.06345
46.2771	33.3716
94.2413	106.477
21.6598	30.0682
11.3558	4.6719
12.6344	2.71375
265.911	289.117
17.3425	21.1931
7.26587	43.5357
0	0
51.4208	30.2496
7.92771	9.82201
154.193	95.8608
4.60507	3.96308
9.41371	19.946
2.77967	6.22214
25.7516	131.285
20.6933	40.5402
32.4873	0.663496
13.0956	0.613767
57.6925	35.6496
0.971798	0.327823
43.8406	15.4692
136.144	121.033
15.7694	18.3737
11.2962	26.4272
32.6883	28.3026
24.0736	18.2252
8.45116	14.5959
37.1635	48.9089
23.4566	15.2071
27.7975	13.1542
72.8425	36.3451
604.25	105.005
13.7929	20.8891
17.6278	27.6535
36.4361	52.2342
14.4147	59.5291
83.8673	32.1254
21.0805	13.0806
268.414	66.7649
28.4146	16.7561
23.8718	26.0405
3.87426	36.165
1.52223	19.3926
27.2558	25.5191
14.8681	18.0807
5.28715	39.695
117.325	63.9357
6.38586	18.3375
5.20458	14.5058
2.33028	15.7775
255.624	4083.18
38.2686	77.3817
4.47744	12.9087
9.06191	34.6353
31.9004	19.834
39.3347	8.06045
12.2599	31.3826
8.65058	12.2242
15.9742	10.7314
3.66242	3.88082
72.644	76.2715
41.1972	44.981
9.61764	19.1499
12.1821	2.98414
79.5238	80.5642
26.1902	9.97054
153.634	35.5658
9.65895	8.27295
84.2607	25.427
12.1998	15.366
15.7332	18.0317
25.5182	30.6045
10.4937	46.1507
13.3652	12.6878
6.73558	6.65564
19.4912	44.0131
0	0
831.685	803.629
3.20954	51.1058
5.63063	11.4793
149.292	25.9396
18.1155	19.0344
12.3307	17.6045
45.2596	54.7608
6.89657	11.4931
350.56	123.28
25.2241	15.6863
20.4586	44.2677
169.944	63.8397
10.8981	24.014
38.9955	18.684
40.1681	23.7044
64.5291	89.9827
49.2014	27.3422
863.112	825.614
19.4164	12.9292
26.4794	21.2092
10.155	9.3953
11.8831	6.33848
16.1727	45.8857
14.6013	3.31279
411.386	219.758
3.548	10.4965
72.8295	12.0046
42.327	11.2844
2.88423	0.986915
41.0692	12.0332
21.4121	30.1804
10.2231	44.1808
7.78608	25.3132
37.3575	48.1817
40.1013	28.595
2.13085	18.6196
34.5906	73.1955
11.7487	1.72071
534.893	1835.97
5.95135	36.8676
28.901	22.4518
402.876	252.447
103.869	71.8243
18.2158	36.01
11.2938	5.16904
16.7761	12.8028
38.5286	51.8318
27.7076	17.9823
22.0667	23.5757
6.61404	4.24162
22.1358	5.01027
37.8918	11.8177
0.240628	3.94062
1.591	34.5787
11.6066	1.13868
21.3618	5.11242
15.0268	27.7788
25.4938	34.3033
3799.03	821.705
21.4144	29.6353
0	0
2.17762	39.687
9.20491	9.15107
5.20705	2.53407
6.33487	2.45039
8.33463	25.7802
26.7156	9.74995
31.7522	26.3309
12.9619	11.9788
7.24247	5.88279
3949.83	3370.23
16.7692	16.0552
6.61851	13.9077
17.7871	41.4466
3.20921	22.1848
4.75544	10.1609
0.585376	0.965012
85.068	15.0905
40.6341	5.26283
3.37116	1.8401
9.68734	64.9511
41.0513	8.11576
13.5877	26.3919
8.78134	17.8612
41.928	102.47
8.64756	7.2908
31.988	40.3634
46.3851	8.28765
37.4453	22.3282
0	0
17.8377	9.84226
183.432	28.9103
22.0449	6.51404
86.3623	57.8046
21.5734	5.55846
71.3169	17.3631
23.2726	9.65137
31.0331	24.6346
14.1815	15.344
66.3127	40.3688
14.1374	23.2581
11.1669	1.37845
26.4416	26.2137
21.0755	17.0791
37.4172	41.3513
16.9955	14.273
87.9906	26.2703
12.8767	10.7614
16.2838	17.2318
26.2197	47.4705
15.7276	29.2202
11.4726	10.4794
61.1734	41.7958
6.28372	6.98666
5.23372	5.19137
10.724	0.929883
1.98225	12.6014
61.8332	28.3254
6.35774	1.74859
3.35769	5.07356
35.3807	24.5145
5.79804	8.59811
19.3627	4.70577
34.0076	28.7761
15.7244	9.18293
25.1825	26.312
45.08	14.6546
0	0
41.5885	38.9256
9.67236	24.0239
33.5356	11.0299
21.2709	5.60746
49.1985	16.0543
47.9271	87.1577
11.3528	19.0351
6.26824	14.4027
15.5826	9.39919
7.61757	10.651
2.30074	2.70239
778.153	23.0166
0	0
12.9658	8.38377
17.1925	29.9146
337.558	162.832
48.0876	25.7858
6.7885	5.79567
7.50303	2.60585
57.7242	39.9174
4.65824	13.8387
56.6337	16.0596
8.07549	7.09934
7.08161	12.3358
3.18357	7.72041
14.7289	7.39973
55.841	47.5482
8.58442	2.44056
93.6526	18.3578
6.4243	4.16499
30.872	63.7663
8.36316	21.5931
13.8908	28.0098
0.704777	30.5194
4.3945	16.6819
7.85628	16.1022
9.15172	17.2595
10.6104	2.24488
88.6214	7.99045
7.83104	19.8987
153.634	23.1714
25.5844	21.3218
13.4114	7.38629
12.7257	18.4127
27.7907	0.713985
8.02039	3.81097
0.526106	1.18417
15.7116	11.051
10.5224	17.1608
6.12088	8.44539
36.8421	30.7775
25.9809	12.0057
1.75553	18.3478
5.53962	10.3822
25.0566	29.0566
364.195	70.4763
4.5574	1.11001
35.2546	7.15442
66.028	67.4755
13.3553	16.6377
16.9339	23.3918
10.3539	44.7361
26.2516	36.9711
1273.64	1458.23
39.3906	72.7728
3.82584	8.9561
2.43743	49.6463
3.79279	32.4195
285.213	65.3819
39.6775	33.2522
6.35872	6.63012
11.1618	29.4226
3.54397	22.4446
46.0005	62.4878
71.8174	11.8118
22.0557	4.45168
14.7051	38.5819
3.8279	3.13165
4.09796	15.0343
52.7405	24.7399
9.12364	26.2239
37.5967	42.6716
14.1192	11.9495
19.9337	27.436
13.5688	14.9723
8.4271	12.0096
16.6061	5.27599
26.5039	1.94858
16.609	153.719
23.9952	4.1348
6.27558	15.5711
25.5399	19.8463
29.0911	8.63739
23.8968	13.7224
95.3909	34.888
20.6685	31.6659
21.275	19.883
10.3256	41.8997
84.1603	123.336
17.4621	9.23796
5.23585	16.4914
437.668	185.094
22.7349	14.2578
16.2851	22.6203
20.4421	61.3856
19.407	23.4512
46.8599	82.5944
39.4152	18.908
97.6136	30.3247
9.06512	7.08803
0	0
34.9176	10.2006
257.676	164.625
1.53163	9.64054
9.57372	32.3464
381.414	835.073
65.6853	23.2669
93.0985	118.343
29.3787	43.9353
8.48428	8.89903
7.21041	8.95601
199.445	51.5358
12.3817	204.52
13.9116	5.02501
1.39576	17.3431
3.34043	13.0041
40.3768	8.12348
45.6509	8.21295
10.6409	1.24421
87.887	25.4645
21.2089	11.6614
48.2673	10.6221
245.191	93.3918
0.950996	18.7636
30.1406	29.7495
65.9818	45.9557
6.4744	23.2092
19.5305	12.5781
13.7229	5.09189
24.5338	44.0313
307.055	393.315
20.3095	43.0001
72.7831	157.913
31.1145	2.69146
25.8019	14.0934
18.3443	8.98159
50.807	25.0421
12.548	16.5593
26.0914	18.1141
69.145	22.4163
24.0653	4.69112
3.2974	4.37727
138.723	49.7265
8.44623	0.536395
35.7421	42.8817
5.63632	21.931
42.1266	96.6226
8.54189	7.9271
97.6536	36.374
19.4374	59.918
11.2759	42.7138
2.98056	15.1498
10.8747	7.55253
9.99689	66.82
41.3143	388.98
16.7059	19.4042
7.76339	6.24184
16.1102	10.5912
60.2337	53.0864
31.7594	27.1185
6.48013	7.46474
29.9497	9.1709
20.7903	35.4537
20.7019	27.6041
33.403	50.7843
16.2212	5.41526
22.8682	58.196
1507.22	3879.91
69.4335	138.304
8.391	8.36915
194.375	37.8169
164.972	41.5262
5.86345	7.98036
3.18611	44.9004
19.8557	12.6946
712.772	2069.76
4.08616	3.84597
7.56158	26.948
7.88115	9.92562
12.7322	35.7786
4.26682	12.3517
11.4406	54.8288
8.51174	7.06373
13.9686	37.8713
6.50001	20.541
20.3813	25.2626
2.76099	23.8443
11.2079	9.95562
34.2324	8.58364
8.44206	40.5893
19.2297	20.1098
26.1355	34.9337
11.7345	44.0204
12.7211	21.7135
69.7109	19.5928
109.977	22.7689
10.9585	14.9444
6.79614	18.9584
49.6968	13.8393
14.9361	52.4213
15.0797	34.1634
199.464	72.8244
22.9725	45.7023
0.740074	7.86263
5.90688	47.9743
3.66497	18.2325
5.95045	9.53029
11.3579	4.88283
8.45043	51.1748
7.64118	33.6832
23.4329	20.5805
8.73103	7.0963
8.39484	6.09702
1.17916	8.69235
47.0171	34.029
3.98124	18.4791
12.5415	6.74385
4.77967	6.41144
1.2111	0.912095
13.9038	4.99465
10.0276	27.4958
6.44347	16.0855
12.9394	17.7685
141.079	12.833
26.5325	41.7447
10.6434	18.1046
4.5738	5.54934
105.958	24.3748
16.5658	14.5643
4.84674	18.7644
1.20682	7.5781
4.71241	43.8663
931.188	2532.78
14.5249	7.99735
26.2696	26.5022
26.6153	70.1351
11.3501	11.1807
9.92279	1.42109
23.3339	23.1936
18.2614	7.91662
10.8499	14.3797
11.9817	5.40962
9.98245	15.1765
316.353	350.72
39.2599	59.3654
58.3227	11.8955
192.954	35.9673
110.435	25.3782
43.3881	96.3653
139.634	16.8947
19.9377	18.881
36.1665	6.0587
24.1454	9.63362
192.793	195.889
32.3573	37.7925
30.1054	29.8618
24.6725	12.9202
294.399	5.49876
39.95	48.0799
15.8766	33.3618
4.8808	1.63968
382.353	76.1509
96.0055	11.3626
36.0086	10.0735
4.36298	8.57525
10.8497	4.93783
7.77871	5.26965
9.02533	23.7013
30.24	69.2191
18.2134	23.4755
14.1655	13.3147
56.1357	19.4456
0.551489	3.10928
46.7339	66.4741
5.35763	4.18879
112.006	16.8832
399.724	530.328
17.3284	16.5409
25.466	21.3498
354.533	1040.28
56.3309	7.98492
3.98992	6.68426
7.78807	10.1134
112.578	199.573
31.3538	44.2036
3.34991	19.6467
41.9044	25.1945
2.7036	11.7036
0.807323	25.6627
12.9756	7.60914
9.22514	75.3561
20.8251	36.3328
13.9311	5.39282
113.206	119.374
11.5827	7.03776
3.86698	11.5456
53.4643	40.4384
26.9745	10.1646
4.8056	60.7552
12.1752	7.44644
52.8966	26.6625
6.41586	2.00089
35.6823	9.20215
4.79353	7.07585
72.1302	31.6333
15.4391	1.2388
2.09654	7.68467
3.16527	5.46194
8.59075	36.5581
2.30188	33.4048
47.2819	77.8011
445.114	79.7199
11.4876	35.2261
16.2406	22.3222
30.2593	12.5961
8.38131	21.3956
2.16746	52.064
17.6115	16.5484
18.1739	24.4183
48.1975	64.3653
12.388	12.203
26.9195	72.8534
200.344	17.4612
12.4711	19.2128
22.465	22.6497
11.2501	12.2045
9.98475	18.0248
74.53	70.3766
34.4757	17.7565
20.5638	16.464
11.0673	9.08107
0.671419	15.4901
32.8514	44.7394
9.88549	12.5665
52.8392	27.452
24.5922	0.926727
17.6974	10.5457
8.76298	13.1513
22.7077	72.7571
8.82346	35.4446
46.4583	6.56307
25.6569	10.0338
14.6722	19.5685
27.3221	6.66932
20.1131	24.0904
8.94017	24.9458
12.3063	14.9868
51.1824	46.5788
237.965	211.205
70.0182	71.0722
29.2132	6.93015
45.6733	91.9626
120.103	25.6365
100.775	979.454
50.7772	32.2464
20.1369	26.4924
47.2643	90.0632
4.2318	0.525687
183.261	348.689
14.5034	7.1577
21.7203	7.4242
17.5793	58.3714
10.096	7.62731
22.5784	19.4431
0	0
24.7824	43.2917
13.8019	2.48343
19.8548	37.0934
1.86946	3.42305
10.9252	1.40581
242.65	1.88378
59.2462	67.6474
8.37611	18.7906
150.309	41.1693
60.4273	115.457
13.8742	39.833
0.998258	11.3656
4.8587	0.883204
11.1794	25.3409
4.43604	5.57106
0.255986	5.93133
8.62458	6.0069
31.0759	19.3053
53.88	27.4843
19.5261	19.0963
2.28463	4.82211
47.2385	27.9896
35.5568	13.7766
1.7944	0.805788
13.0401	0.667951
0	0
2.51515	42.5571
24.2507	11.0888
382.378	31.7232
29.763	5.68422
13.3402	7.62425
41.0426	43.8124
4.80795	10.3207
42.7566	4.91455
17.3922	39.1804
14.7381	30.0914
5.75838	17.2798
31.3826	21.0682
61.4089	10.6484
8.6521	13.3913
9.00349	6.01066
13.6205	13.2997
2.45778	3.20008
6.99428	15.3038
19.3687	37.005
8.80505	16.4001
8.31676	10.9254
0	0
7.14153	4.9406
9.60113	19.8559
26.1753	1.24071
23.1938	17.7944
4.96712	23.373
6.43215	15.3637
5.06376	11.9431
1.07548	14.3444
144.333	117.606
8.11325	22.6427
10.2174	45.4276
9.60541	59.1952
5.51608	6.48654
7.04878	9.41004
12.6712	9.62403
238.26	138.305
28.4774	21.2665
22.613	12.4733
1.13361	6.13974
12.7764	16.7794
3.8375	11.4381
17.8088	10.4645
8.17639	12.9865
2.16957	3.67409
7.90579	6.65827
14.9126	24.8903
371.05	299.086
18.4946	10.6589
8.35046	44.8534
31.4081	4.19989
42.7657	48.4361
27.4773	17.0441
34.3244	20.3602
288.815	62.3896
20.1178	15.4806
56.9131	25.8693
8.6182	10.825
40.8287	30.8889
11.671	21.9708
577.754	644.96
34.714	19.5378
2.58902	8.76146
46.4712	77.5862
12.1578	46.1987
8.52177	2.48167
7.18025	47.1008
7.21602	2.91418
51.996	4.98247
3.90383	23.4863
1.74637	34.3469
1.05416	23.0216
12.7978	37.5453
19.2061	14.1091
67.1555	69.4353
52.3837	7.96776
2472.82	4229.43
6.10301	5.28928
29.7591	17.3108
17.7649	26.258
33.5909	36.5279
28.6571	9.57701
60.4264	20.2332
15.8364	21.505
7.1435	53.7567
2.61128	2.01931
5.90179	29.4148
23.8776	20.563
32.0756	2.53141
10.7749	1.95903
41.1608	17.2426
7.32193	19.1893
13.1223	7.68952
3.73436	7.3613
14.2038	22.4383
46.5073	11.2493
11.1894	6.7599
15.1869	16.4968
13.6258	8.25916
5.09337	20.4175
12.7072	29.1166
11.0169	14.7418
132.139	8.80982
5.43358	1.67627
17.0428	29.263
43.8633	56.0378
2.30875	4.38791
1183.39	7.58934
1.45112	0.895504
5.38214	11.0151
32.3195	5.87279
8.01399	14.2818
262.328	20.6838
14.6174	11.1569
38.693	126.59
27.9123	4.13601
148.952	182.082
15.3936	10.6274
18.8351	7.84688
1001.99	2796.45
3.20263	33.9265
22.1637	7.83145
29.1315	18.1
22.5281	7.88715
60.6621	17.2226
38.7483	2.33461
0.930786	2.82414
32.0361	7.645
11.5549	13.9618
14.1244	25.6824
123.845	52.4299
10.1113	29.9875
99.5367	21.5585
17.7652	1.60201
2.00207	7.69551
10.9403	16.9327
19.6721	37.0211
23.6543	11.5743
28.6391	52.1871
4.32565	13.3001
21.338	59.7857
7.76292	12.5057
12.5325	19.1776
9.96197	3.233
23.2433	6.9112
34.6102	91.4368
19.2252	17.5409
20.3187	70.7477
0	0
13.0386	19.0467
6.14919	25.5622
6.64197	9.67264
40.5196	16.8041
13.7938	39.7706
14.4784	45.2699
24.6802	12.7298
30.5997	61.1137
28.487	43.2343
34.4259	229.21
208.038	93.7402
2.22996	8.50488
19.48	24.499
68.1426	107.741
7.60014	8.77157
15.7942	10.4029
3.86687	38.1449
4.6008	9.03045
306.782	144.674
16.225	2.67887
88.9155	203.226
9.75603	6.1084
10.1101	6.53495
12.9672	21.5201
46.1688	12.248
15.961	314.277
31.1036	39.7263
1.61154	12.3666
38.2447	37.8562
106.299	33.2079
8.73996	38.8513
9.73412	3.69369
21.5703	84.1957
9.59718	7.91425
0.564033	11.7602
22.0436	12.2769
2.94385	0.56997
30.0241	15.5424
1.67205	12.6615
30.2981	41.7532
9.98555	19.864
6.85911	46.3953
10.3909	68.3101
79.9745	61.0238
14.2815	10.658
43.766	1.95865
18.19	3.20239
22.4055	14.6827
83.4586	137.606
31.2069	17.9951
31.8423	49.0204
63.8295	20.2636
23.8353	74.7402
11.2224	14.7349
8.82346	3.84795
21.26	19.0016
17.7837	20.5627
137.727	19.4764
7.59694	13.9142
48.502	25.3956
17.3278	20.3821
73.4793	142.673
4.57243	0.190922
28.4988	19.9453
9.13562	5.80679
74.356	28.3261
19.6554	4.5619
10.7853	31.5699
29.5591	44.8563
44.4056	7.51817
263.092	115.359
20.9618	22.8449
39.3941	25.2352
5.97757	9.75682
11.5854	12.5423
13.002	10.6687
16.4574	58.4213
49.0719	13.4135
91.5002	27.1147
10.8181	14.7732
10.273	12.0595
2.58312	40.5156
54.625	7.34207
140.544	167.26
14.0314	7.85509
19.039	14.4122
4.80306	12.4146
8.58509	10.6803
6.54336	18.0117
7.9517	20.4865
4.28973	4.25518
7.74611	56.0869
5.8809	20.3358
278.622	19.8827
61.4026	9.23635
12.5905	30.0258
10.8891	17.8851
20.1393	38.1284
62.7983	10.5292
0	0
68.49	27.6454
10.983	21.1408
14.6873	27.5533
4.24685	42.7273
25.9477	30.8614
1686.73	877.812
106.523	46.4701
31.4642	26.1678
5.82088	74.9072
14.5611	25.2981
39.668	5.26929
20.6792	2.65485
111.872	67.0296
16.8844	46.4175
24.5592	6.68766
33.8611	17.242
20.2507	39.054
24.4551	24.578
11.1623	59.8371
19.9836	18.3373
23.3338	21.8481
27.8644	28.3794
1.7954	36.8885
29.6191	8.86537
2.67962	63.3211
8.0503	29.1512
0.634242	11.9551
67.8798	28.7505
41.7999	32.631
5.55125	39.9948
14.8091	33.412
6.23394	19.7396
8.40804	28.5492
14.231	31.8572
12.8568	52.4129
93.009	68.5909
22.505	11.1126
11.1044	5.20319
1.65879	2.42791
57.8704	15.4301
5.14427	21.005
13.4893	21.2991
12.414	9.87215
37.0289	15.2583
21.1438	1.82021
47.0269	65.896
6.84654	7.43392
4.16204	4.22067
9.52224	10.8257
44.1065	15.6182
3.98542	7.22607
13.999	3.21742
6.75817	22.1794
8.98702	35.3604
26.0767	10.7098
30.826	31.9909
1.38645	4.16888
1395.41	934.603
59.0408	8.28071
56.8721	35.0338
25.4813	43.4196
23.569	19.3066
5.05258	4.75622
13.8244	36.1753
5.97121	5.53121
14.1951	27.0292
18.2596	34.7859
5.83308	24.9603
11.09	26.5306
37.9781	88.2856
14.353	14.5782
6.95883	12.316
14.625	15.4482
5.42296	18.0931
90.1048	28.5525
7.41392	6.80224
10.8689	12.4671
22.7871	7.18942
12.4099	11.9902
18.518	120.735
31.7556	10.6911
12.0075	31.2538
104.567	126.73
13.8922	12.9438
3.65516	7.76436
10.6277	113.604
4.87619	7.0166
377.132	13.8985
0	0
1.90343	3.29907
82.6439	13.0318
273.936	3.20165
18.4003	5.60348
6.83485	25.7817
65.2739	32.1286
5.1864	1.82107
23.5628	9.27308
32.6691	32.9409
23.9944	12.4901
71.7624	3.48793
18.2399	27.9746
38.0924	22.734
4.32002	44.3644
20.9912	15.1266
13.8831	84.3016
789.526	2822.72
5.12314	4.1872
5.97778	2.40008
39.9273	1.93904
35.3848	39.0417
11.0371	1.27058
11.5826	10.5487
3.35863	8.69667
4.37833	31.5715
52.0708	24.9228
21.1602	31.8124
14.1178	34.1049
31.2548	14.59
109.024	51.6145
147.707	1214.61
15.2154	14.8812
22.2087	16.8946
15.8453	26.5451
53.996	65.2075
36.5626	1.46938
9.93757	7.89279
104.364	14.7831
75.9077	7.17058
3.63689	9.51617
0.867439	14.9502
5.22824	8.46664
23.8244	6.26361
16.3895	21.3867
2.63096	20.2023
8.61753	16.2757
6.34677	15.0208
11.6476	3.33809
17.9712	6.04663
0.553251	8.95214
336.206	105.506
7.45737	4.08658
7.10733	7.87001
35.1401	8.94936
11.7336	28.5116
3.54784	45.7929
15.5904	23.1242
34.801	79.7122
24.7082	13.559
1.82483	4.73896
106.681	78.6856
2.84241	30.7066
10.5161	11.4665
46.3429	19.5092
10.2358	10.1695
0	0
4.94806	7.25854
26.3164	65.3957
205.767	501.187
4.41162	17.1666
11.1422	0.98861
26.4225	13.5153
9.87246	127.424
22.084	5.37583
29.2777	23.144
30.8118	5.15702
14.7391	17.4201
330.444	55.5906
4.4194	47.6942
41.527	31.7609
8.97863	12.343
14.9739	11.6896
6.81713	8.38121
12.1609	22.6851
45.1872	39.3775
16.4028	43.0761
149.898	37.2492
17.3419	18.7506
15.4073	10.3999
16.6379	61.4524
106.578	11.2744
19.6461	46.8725
16.2063	61.0379
29.038	28.7027
30.0591	24.5924
96.9768	74.4266
6.94608	12.1062
23.8877	33.4483
978.781	204.323
7.05113	25.614
186.98	4.75104
8.59841	4.6134
12.6976	16.5102
37.4732	13.0472
62.3641	115.331
36.4063	136.213
25.4468	15.8874
41.8415	12.3066
20.6323	2.28546
167.847	90.9129
77.4993	38.7514
29.7073	53.8624
20.8955	10.5364
14.8325	9.36963
2.4647	11.7495
3.18992	4.77314
2.19804	30.8061
8.98424	4.85512
12.4334	4.47792
9.9335	50.993
8.6059	27.0611
14.3363	32.1678
26.0798	19.3239
42.8148	20.8037
172.403	31.8667
1.0789	7.23177
0.667393	8.74439
58.0836	16.3189
11.7865	28.1659
9.53716	3.63477
11.7365	6.86684
118.567	25.5345
13.6659	9.05517
1.00285	0.988107
25.5946	40.1303
11.3106	14.92
26.9716	44.3007
10.1728	1.58366
64.6821	14.6472
2.07175	31.8149
4.41233	29.5817
22.7748	13.217
60.2819	17.0372
9.30357	9.5233
3.31667	5.2294
687.757	779.564
40.1558	993.25
10.887	24.17
13.6909	5.65208
24.5427	85.4195
4.40672	10.4188
78.4765	45.1259
115.635	55.7361
5.25272	2.66882
12.8729	12.176
112.894	59.1231
13.9146	4.7462
56.139	360.879
41.2424	25.419
30.7678	26.5259
20.7646	25.9754
16.7444	55.394
11.5461	5.34766
218.469	95.1501
25.2019	21.6888
7.55631	15.9971
6.86411	20.5716
4.25138	43.9781
6.52678	73.3657
191.353	71.2512
18.2676	92.475
7.73833	11.8938
8.1797	9.46366
41.4544	15.7702
130.281	273.944
35.8505	44.3743
67.9672	21.5287
5.62826	6.5272
45.6149	7.20129
4.96284	7.47126
44.6715	40.0954
110.296	14.9662
2.37056	8.75577
10.6546	10.4568
18.4635	10.1449
2.70515	16.8645
69.0997	145.164
9.96258	3.17381
14.7094	26.2612
5.11965	13.2486
17.1097	11.7854
239.944	20.8223
45.9307	2.65831
21.3066	19.8922
8.19318	3.2134
16.4751	17.9612
61.0654	116.569
3.43186	27.3101
5.00533	15.3012
7.96585	2.61646
26.0092	48.8522
196.4	60.9467
28.3506	0.321521
39.5046	19.6714
23.5236	15.3193
32.6814	43.3582
9.22979	9.54846
12.9892	14.1201
25.7298	26.1303
27.2256	3.41164
160.485	138.816
5.09523	26.187
9.44199	8.53842
61.3248	108.933
11.048	69.8335
21.3104	4.20382
56.0442	41.7668
13.2521	11.9811
7.20131	8.9594
12.259	30.8338
31.1729	31.8037
93.5936	29.1319
202.487	123.94
18.5598	45.6247
21.1826	4.69256
322.979	107.412
2.56022	1.57526
60.9753	65.4811
25.3059	31.8557
33.6123	57.9513
10.2987	6.44985
0	0
13.1106	20.0524
598.044	831.72
6.47269	27.4186
20.183	27.4346
11.6181	18.1572
1.8578	4.16742
4.33806	7.49028
356.134	25.5843
3.27021	2.12786
6.55403	10.1692
22.0955	12.5922
34.9069	17.094
54.5077	115.154
43.0509	196.417
90.1522	58.4419
29.4921	29.1976
5.83297	50.1172
11.2647	13.9716
49.5602	10.7971
31.7026	33.0138
17.8224	12.1166
1.19163	3.49129
2.74055	5.07159
10.4192	58.6398
19.3518	31.2332
39.144	12.4059
13.1648	10.2809
82.5888	28.2544
85.8791	52.4783
66.4402	13.5012
1882.47	1468.79
4.50051	0.619667
37.7374	20.2761
12.8664	10.5364
19.0767	14.6406
8.3297	9.17651
14.8179	18.6883
12.5817	5.08765
18.3976	24.9716
21.5678	67.5503
174.26	364.5
3.36665	10.7655
3.75564	1.16679
13.6658	21.8855
16.4722	74.3629
15.2847	15.3604
11.0935	39.1693
6.88985	8.44307
1.20764	14.6864
7.04931	2.48995
198.414	84.9575
20.9141	15.9192
22.5116	10.533
32.1514	32.0641
3.70495	4.21568
52.3696	5.81459
8.91387	35.0238
4.25668	8.87972
19.8022	32.213
6.65046	20.369
29.1164	12.1624
10.2937	11.0329
3.63497	10.1247
4.64709	62.0098
24.9125	4.46787
19.7332	73.9341
2.16509	20.6475
2598.83	201.797
47.0272	52.9476
13.2794	44.2222
5.08444	1.71684
13.3088	9.81713
53.4289	8.98673
11.0827	30.8268
23.9266	37.4041
9.12275	6.63614
29.9641	41.0277
9.18368	12.0005
105.41	10.4442
15.1106	23.0638
4.04932	33.4725
6.37667	12.1018
6.89063	45.0486
38.8775	42.052
52.5291	55.8948
330.867	361.081
14.4626	4.35247
19.3256	57.0586
60.1416	147.753
20.6905	21.5687
5.05853	4.93145
16.6151	10.6935
38.6095	45.7951
136.905	24.8216
12.6622	8.5272
16.3886	22.6401
26.053	16.8436
40.4566	16.713
2.37152	20.4704
13.0347	10.9113
31.8836	16.7954
34.3892	44.7464
136.825	78.6923
21.4706	15.0145
23.5741	30.1432
25.7829	21.5464
41.4921	28.4249
20.5369	7.37041
11.3301	50.4489
20.0648	64.2558
17.465	14.8587
32.8574	13.0509
11.6545	1.87469
35.5009	17.039
12.9292	69.8324
138.835	150.077
5.10161	2.19631
424.42	131.674
7.5912	14.7731
51.2234	18.6712
13.1763	3.06786
14.8243	30.6859
13.2093	13.3507
4.09227	9.18466
123.394	188.441
37.1482	61.1964
6.67911	30.638
16.8078	15.0093
144.324	202.92
21.8913	36.808
30.8752	14.9408
1.34978	5.31223
188.253	7.79573
123.084	22.2811
20.3104	5.05527
17.6975	7.81943
16.4648	11.7697
42.9165	14.5524
15.1068	21.9194
11.9153	22.1698
9.69471	9.70928
120.14	112.682
4.69162	29.3418
232.08	41.4923
182.763	17.6484
3.42928	9.06607
22.9678	57.5191
7.6515	1.93274
1.4816	5.57154
352.244	230.621
224.064	8.70306
13.0323	14.3642
18.8311	249.125
8.11449	59.9798
109.096	64.132
54.8884	1.43963
25.5166	60.0593
13.8683	11.4073
47.9953	31.124
39.6875	61.8729
23.8378	21.6237
16.8066	15.9513
12.0358	14.8035
4.14962	11.2884
25.9165	22.7678
4.12787	24.3292
17.2782	7.98463
4.29011	8.63192
3.98532	13.2682
2.41192	3.84857
10.9095	4.2904
6.55929	45.7305
6.18942	35.3488
132.823	23.9892
17.5314	19.4227
49.0609	44.6232
12.1181	19.1519
215.763	35.5559
88.4035	16.5799
4.99605	2.29128
7.33117	14.4833
43.5394	11.0263
11.5378	41.3642
18.1186	25.9796
46.5761	5.26162
12.4189	6.27326
10.0158	13.2653
10.2004	5.09994
56.4653	13.4325
20.7254	21.9204
2.54609	0.95403
2.27208	7.0382
43.4046	8.96838
17.9896	15.6747
5.50938	21.7536
190.873	18.0247
12.8938	1.60522
37.0518	77.6109
20.1677	19.9315
25.4161	46.8722
29.658	8.18265
3.38934	3.12973
36.1439	13.1031
11.4896	3.6555
14.7033	7.43577
3.84823	11.1385
2.57588	9.86849
12.7855	9.26464
6.37988	27.7235
19.0551	24.9838
16.011	17.3217
22.4711	5.46496
556.709	401.589
96.2021	11.8899
340.064	92.0664
0.740358	5.2432
137.134	47.0125
101.955	1727.59
20.733	10.3867
25.7443	37.0702
1.33568	16.5294
12.8365	12.6108
8.40564	10.9914
608.923	342.106
11.7472	13.7748
12.0921	4.83652
84.6483	22.2108
66.6103	34.1035
63.1771	435.368
2.89782	85.2183
28.3845	14.8891
10.2319	58.1834
1.7713	28.0444
3.37959	12.4286
2.68459	11.7084
25.1231	0.838181
91.2054	52.0102
7.52209	36.5758
6.281	3.10362
1278.34	113.96
10.0856	7.68946
277.659	28.0496
14.4018	9.45742
39.8998	110.768
11.5531	27.0596
36.5805	23.2871
7.06885	9.27462
7.40948	1.30229
41.026	10.3469
17.7056	19.0023
1.18608	2.89335
94.5494	33.0609
4.84477	11.006
151.612	136.787
17.8712	48.9843
7.88208	8.87666
9.6123	20.0311
37.8424	40.7336
10.7028	0.0763064
11.4371	45.7528
30.7564	11.29
874.486	367.774
53.9423	46.3156
4.51447	2.94729
16.3363	20.129
30.902	19.2533
30.7258	36.273
168.81	476.914
180.382	258.851
47.5034	115.071
9.92162	4.41914
12.8224	12.2892
8.73624	4.36832
3.63656	4.64357
14.7684	30.8683
13.4818	5.81626
17.7461	10.742
27.2851	31.7251
90.403	89.484
79.9225	50.0691
47.9729	19.635
15.6584	25.753
76.2287	34.4762
5.60601	9.2035
47.4022	13.0002
2.16933	35.7511
27.7995	29.2838
18.6231	16.7657
63.5429	39.5464
5.22239	1.20008
33.2293	7.45515
22.6964	58.3856
22.4371	14.8041
12.1055	26.7436
10.6754	20.1217
4.77902	18.6127
2.54366	11.7875
82.013	70.0965
54.1896	26.8366
49.1739	78.4759
37.891	12.2659
13.7451	17.4311
5.91716	9.04241
3.50689	31.9321
125.225	99.0424
170.713	166.971
1.98146	28.8436
166.15	59.534
43.9367	63.3391
26.3955	17.9709
7.26672	69.3079
26.3845	7.97725
2.5133	26.7848
5.17251	18.5187
219.497	216.402
17.7978	12.0129
663.287	156.01
9.76573	12.2378
5.37022	4.35485
23.8132	15.5521
23.8554	15.38
8.58115	50.6329
56.6629	19.4232
130.417	67.5825
33.7719	3.95044
28.6519	36.1997
25.7324	17.3175
12.1786	4.76122
11.486	12.678
12.7941	23.3006
16.7599	9.88977
2.94198	64.294
4.7778	4.02179
3.1897	5.06812
6.9226	9.65693
26.4915	12.095
14.5582	6.19629
10.9022	22.6362
7.8003	5.04321
23.9926	36.8936
4.63534	16.5838
5.67832	8.44079
28.5359	90.384
7.36489	15.5656
64.5434	67.8451
22.2257	31.9302
32.6104	0.917219
9.21704	0.937615
30.8958	19.6392
3.28132	3.12117
1.44819	15.7135
8.99351	27.0586
125.972	85.9995
78.2848	3.3576
13.4594	1.07278
43.9246	21.0208
80.8892	7.69541
12.9021	13.7682
8.17992	4.91011
7.1012	22.9012
22.3471	48.4573
208.44	34.6667
241.393	17.9067
8.65225	16.352
8.31134	15.3307
58.5337	88.8863
198.295	93.3404
100.29	51.9893
13.2625	13.0831
61.0429	9.17179
23.5148	14.3061
27.1144	35.0093
39.4768	2.78186
37.9532	21.3836
27.918	29.8516
16.997	18.3866
8.83646	16.6319
31.5559	23.4118
3.0896	2.69082
4.46611	10.8508
11.0227	3.53654
32.4816	19.9791
2017	803.517
8.73996	45.7315
14.0236	6.9764
404.192	652.827
2.55415	4.51239
18.2045	5.24356
3.6555	5.73397
29.6311	13.6606
11.0458	7.68256
11.6976	12.0895
15.2895	11.0358
51.3478	7.35374
75.0755	28.0205
2.09045	6.98155
18.5415	29.5748
2.39192	0.01215
0	0
12.1019	12.4617
54.2256	14.9614
2.71804	6.03216
14.2773	0.7828
11.3503	37.1019
0.740174	17.3498
27.931	11.1595
48.5771	1.15239
29.4643	22.126
20.4099	7.50162
58.2929	24.4655
68.6317	54.0579
2.46987	19.5808
10.3631	7.59734
21.1883	19.2338
6.91407	35.9429
36.2278	49.9882
4.25058	10.0193
5.88544	8.50011
45.7493	6.30717
25.6633	2.15652
0.550363	30.032
23.5572	37.5318
55.7402	76.4119
11.4114	24.8861
25.0496	19.9323
8.43739	17.1359
22.083	5.0918
27.4635	46.2521
37.2152	133.75
11.0039	13.597
20.4475	21.0656
15.6127	18.8542
16.3514	26.8909
5.43882	25.8961
23.8645	45.9123
84.6864	500.544
24.5508	24.203
22.9101	29.8005
198.561	145.635
13.3328	37.7163
20.7967	6.85936
14.9855	17.6119
56.3846	32.0052
16.7225	16.8681
9.62503	8.91883
5.44607	8.2544
13.272	10.1133
2.69306	9.81378
22.9351	9.21813
2.22273	2.18212
83.6354	11.5445
0.220736	12.212
23.5942	7.15351
7.40397	22.7377
47.7747	44.3611
8.79214	10.2031
53.4175	23.7112
0.424443	30.9441
12.8827	16.176
30.2265	24.9498
11.9143	4.6341
12.108	0.538291
23.944	15.7269
41.131	26.9811
100.016	38.0513
232.271	33.481
12.9474	10.4509
73.687	38.4332
77.6321	134.752
14.7966	17.8623
30.9973	59.3612
6.15843	7.61099
0.837707	12.0446
10.1675	36.1595
10.5284	24.6932
17.4916	7.87854
40.2637	40.1235
20.9656	34.0786
2.22219	31.612
3.92942	66.0692
10.1021	11.7407
18.6512	46.8265
162.271	356.964
3.89692	27.6972
13.9726	23
50.2393	26.4012
0.898277	1.99851
34.491	23.2917
45.0532	63.9139
10.8171	3.18256
26.0642	13.6218
39.779	22.6268
22.1125	9.81457
24.603	14.5536
9.51719	4.60704
33.2711	13.979
10.8869	25.7631
8.67665	19.2882
3.05498	8.38657
83.4964	173.426
7.62474	28.9533
3.45084	53.0252
14.0203	38.2441
29.2816	5.45973
9.27908	16.4167
8.07778	9.42623
6.20594	31.5687
14.4743	9.78291
19.7031	4.75551
7.97489	25.6468
18.6566	23.6651
2.31495	19.4289
19.3325	20.7332
19.6937	16.2595
26.0824	8.3449
5.77058	15.929
71.7394	83.7437
23.1636	44.6922
23.4157	8.39652
415.556	20.051
13.1543	45.9328
19.1777	5.12291
2271.71	3190.82
48.8429	53.741
19.25	14.2847
115.233	112.576
23.0421	10.1511
255.515	86.782
4.56041	10.6543
26.8535	18.0808
749.21	132.407
51.2791	62.547
70.1729	12.985
107.944	81.1554
7.37959	116.736
3.73289	24.0276
41.3409	118.023
99.7017	49.6844
16.4532	16.7582
0	0
27.8662	23.0154
5.91046	41.523
19.0525	8.4278
13.5172	12.5178
12.0002	34.6902
29.0256	99.1427
32.2687	118.315
17.7445	28.2444
31.8223	32.4254
10.4293	81.5424
14.4632	16.4623
15.9466	25.6266
45.1013	26.6039
1.91118	2.27725
27.4906	25.9312
9.54723	12.9309
20.2689	15.2461
1.64507	10.8465
38.1469	42.2721
13.906	15.2906
31.0182	6.27207
13.5393	31.4032
3.89945	5.26515
25.7991	3.0226
32.741	5.86805
8.67519	3.56438
290.01	20.467
49.1884	16.531
6.24188	6.8529
4.18276	5.26291
73.1381	64.0362
16.3822	4.097
12.2921	10.952
3.82252	11.1616
4.50051	3.08372
243.216	529.17
32.1296	20.6461
7.61986	45.5928
4.27318	4.46183
85.5635	78.6021
5.11343	7.15795
11.8511	17.2388
63.1221	116.999
4.82485	6.36227
87.6759	28.6528
33.8939	76.3233
32.4257	36.8985
5.72587	6.29058
740.172	636.661
6.18928	20.7587
10.3722	6.7404
12.0062	13.0106
72.193	23.49
193.514	24.6125
2.72556	10.886
8.35394	9.947
29.5933	13.5004
42.0098	14.5655
26.6415	15.581
0	0
10.7587	16.7133
10.9307	13.963
60.9635	69.833
47.496	16.8751
48.8961	81.4529
16.5615	53.7777
9.52795	45.3745
1.28732	15.087
540.373	84.0454
1.83716	5.62254
22.7525	49.0191
38.8843	27.0822
12.0487	12.9617
23.7826	26.2029
5.02406	92.4426
28.4257	10.8205
52.4813	94.5252
3.23436	1.42191
27.2378	35.7466
16.1782	32.079
2171.23	481.306
12.7503	6.88975
24.1855	10.1848
23.7869	21.4738
34.2609	36.5295
12.1616	26.0769
488.102	76.0152
9.44136	20.9039
11.7667	18.6112
180.298	96.8197
8.6751	11.4174
17.6847	77.3073
170.862	116.885
19.2507	13.3059
15.6164	7.47034
7.85298	78.353
15.3186	2.27505
23.5347	104.587
6.47061	18.3268
7.1683	12.7169
15.2121	39.0968
28.2882	8.76369
8.84673	8.63255
14.0758	5.94988
5.00207	8.66295
32.2762	16.4015
26.4094	17.019
25.5809	30.3059
45.1375	69.6548
1.51223	23.3256
111.28	10.1363
0	0
7.01906	8.48132
47.3944	45.8902
24.997	2.94269
18.0812	36.9058
12.7524	4.85175
21.2762	29.7898
90.8881	14.402
28.6011	21.3867
44.1584	21.1818
8.12312	16.3365
20.3143	8.2325
15.5476	19.953
0	0
42.8683	58.9614
3.02539	2.67605
39.2574	49.9066
9.54656	14.324
45.4847	53.7449
22.8875	38.2233
20.4401	2.42514
16.685	22.5791
7.08914	2.6941
33.1711	21.9436
3592.21	1975.96
19.6489	5.0238
39.0581	47.0655
16.7799	5.66437
19.6967	42.8852
14.1541	11.3948
9.81682	12.2269
3.21605	2.69994
24.105	26.869
9.98796	16.2601
6.53647	1.33289
10.1404	16.7057
24.6769	6.28245
131.57	49.6682
27.5248	10.2385
20.3803	9.49643
36.6292	43.6408
14.0514	3.98508
12.5491	50.8226
90.8336	44.0997
315.77	23.0517
27.2667	46.3635
17.8703	47.5921
11.849	4.97585
6.06524	37.04
28.6944	3.63837
10.5431	3.67298
6.80844	8.49566
6.53936	14.6049
0.16592	27.5466
22.7138	27.2237
4.60674	10.1954
27.0782	0.432441
4.62647	8.19551
41.8895	57.0911
13.5351	8.66184
4.62251	32.576
52.1895	24.3149
101.354	80.6446
19.4196	47.8562
21.1211	23.8289
20.116	20.143
1.99124	36.4102
88.9861	69.8035
6.47192	22.1862
10.7918	10.3353
9.55266	23.3402
9.9528	37.9944
60.4189	79.7671
18.4723	21.9854
4.55164	5.38722
60.3923	46.9593
18.0347	3.6955
39.1792	50.8934
5.95297	11.8518
9.36613	1.65779
2.22168	14.3509
19.1686	16.6747
18.1891	40.8528
0	0
15.7575	9.12663
21.2443	5.80944
24.3509	75.6318
20.7528	2.82585
37.0248	24.9073
51.7679	5.0377
46.1833	27.2722
7.33389	4.40826
25.2109	33.9071
12.705	15.4191
27.8869	38.4048
434.955	258.3
7.13838	3.61287
41.6894	18.2321
54.4882	21.079
6.04887	7.76948
36.5546	4.76829
4.08174	10.8689
26.4075	154.919
12.9095	20.2367
26.153	15.9549
5.60538	4.04404
2.86652	8.81997
21.8733	5.45192
1.97366	6.22363
11.8717	32.6426
19.943	16.4034
18.055	21.2007
8.64809	3.33507
42.1146	59.163
47.6176	46.6572
23.9342	13.9047
21.5741	16.4793
28.6416	33.2841
1.83804	43.6887
27.3246	15.4266
330.812	205.015
5.5354	22.2092
4.03151	72.1435
12.0727	16.8184
22.0929	12.9446
8.01481	9.68046
32.2522	1.76376
38.9751	3.34658
50.2168	16.2699
290.103	36.9938
71.0839	105.076
41.6249	20.6324
8.99788	29.2481
14.723	19.6574
71.2956	17.9076
7.477	62.2156
9.6021	11.1656
5.8174	6.98031
113.43	15.6215
34.011	5.18576
19.0951	12.8288
7.22794	1.77846
3.12354	6.95788
34.7021	35.1371
11.7036	27.668
15.9381	3.80278
1049.35	530.224
142.13	108.082
8.11425	56.7217
8.05663	7.14139
41.86	29.4091
38.1095	6.89096
203.119	38.912
13.1088	21.7443
15.0233	17.4848
113.748	30.3195
117.747	169.315
102.436	14.1435
56.6499	55.8941
30.9086	43.4914
14.0094	23.6463
2.0757	16.7418
7.77276	23.7619
5.23068	9.23219
45.9212	26.8942
36.0421	21.1605
10.7986	16.73
0.446905	4.17854
9.68155	2.9632
14.7111	13.7034
18.7925	24.8504
97.8851	119.203
21.5409	47.3648
58.2385	24.681
586.102	656.255
6.96923	26.4689
26.1803	14.3504
37.6094	20.6867
75.6977	23.1103
15.2326	19.7093
4568.61	3492.87
13.5211	34.0824
13.3013	24.0087
0.951296	7.06857
10.7865	12.2041
172.746	97.5078
35.1257	8.6063
4.0601	16.9343
10.23	4.22641
32.3741	11.0644
7.32248	21.5384
21.5957	25.0868
17.8409	3.51674
10.1408	32.732
7.45251	7.76677
1.98536	8.27677
11.8797	10.5628
39.8854	37.4886
41.8106	36.6245
21.9743	27.7358
5.74928	31.8597
337.504	78.5273
15.1728	45.5877
14.8046	26.6777
21.3118	10.6315
429.658	74.6487
19.8782	70.0158
16.5144	6.46201
21.6911	6.95946
271.104	274.988
90.9911	1.72431
7.06185	22.2716
43.6115	17.0623
40.146	25.6493
35.6323	42.5599
226.802	38.8278
2.21403	4.41927
1455.16	1912.5
5.9359	3.39996
21.1936	14.9854
7.83691	10.9179
474.953	100.33
45.056	21.562
10.4939	56.4764
22.6547	14.5669
18.4624	15.0209
17.1726	30.1262
10.5662	5.80158
27.0209	26.3195
27.6619	16.6258
13.7589	45.7499
108.473	26.0276
3.36385	29.7786
46.7568	14.4992
12.9569	21.17
5.11665	37.3427
54.1733	36.0802
41.5572	2.89787
7.47228	5.79689
312.453	3.9294
16.2433	19.799
82.5651	208.586
56.0834	51.8739
12.7251	22.6707
18.2394	18.9327
20.3087	13.8827
3.37633	12.6616
1.07736	37.9251
5.90829	15.3163
1695.89	2094.7
13.1164	6.98169
12.3451	7.3363
8.31405	22.1235
8.32315	19.883
68.1012	58.5722
25.3723	18.7253
248.659	58.0759
18.6615	7.25249
17.2076	18.0808
284.243	55.5195
36.3818	20.3155
25.8564	6.0877
22.9407	9.20442
92.2646	56.844
6.29135	21.3849
186.223	179.074
4.4278	4.82773
9.08753	21.6997
2.7294	29.0674
16.7918	9.15762
33.8641	35.4894
14.1014	24.1224
56.4354	22.3762
11.3275	15.9068
0.266059	35.0296
18.4595	6.60364
86.1664	23.8721
10.4198	11.1159
26.2105	44.2485
18.9407	5.59388
8.34786	4.0617
22.9358	85.9514
1.45376	57.2462
10.9593	2.60647
24.8086	9.43141
36.0155	30.2083
65.6139	54.1837
54.4596	78.5441
56.7507	14.3288
112.806	48.8955
14.4967	33.062
88.632	137.058
13.0114	7.11606
45.6638	26.7119
68.3964	267.677
66.1851	31.3166
34.7406	27.2979
19.7281	50.985
100.581	40.6118
26.9978	36.5924
10.6608	17.2239
7.57595	30.3523
982.666	811.03
136.814	118.46
25.8868	13.3793
1.18794	44.3591
16.7529	42.0391
15.3654	6.79585
181.325	17.9686
1.22797	7.56021
8.86013	14.1318
40.9679	35.2892
10.4431	20.8438
26.9929	8.34586
39.5471	5.07332
3.59377	6.49209
104.153	314.897
14.4948	7.77382
1.90621	8.26005
77.8276	52.2428
2.51824	18.9678
1.34543	1.14212
29.3575	23.5015
8.95428	25.3967
7.06515	9.56627
0.380406	13.7509
14.511	19.3934
32.7543	20.9063
10.4734	25.1807
35.6677	28.1356
1.68289	0.752341
8.99287	14.0088
6.92376	28.8237
53.8787	12.3837
25.786	74.9828
26.9317	22.0392
5.60327	21.0832
10.9267	24.0171
9.98225	12.1452
17.9245	3.36019
67.7676	28.3057
30.3646	16.4005
43.3475	28.6845
239.563	56.5566
4.10947	1.64082
33.7011	15.9066
22.1607	7.85572
14.2296	9.09148
10.9302	22.7686
24.4666	3.79107
18.1327	37.0801
4.84379	9.66709
35.4419	116.152
27.9911	8.54656
13.5234	10.8716
18.3056	5.34366
10.6383	14.6377
38.7259	17.3973
3.75672	25.7988
31.5502	62.982
62.6236	54.6174
30.8995	9.58376
25.8711	10.3785
211.528	179.357
15.8246	19.6983
5.62656	11.0998
8.34994	5.15862
5.22799	5.43741
22.7026	9.33483
5.7458	2.72601
28.139	43.8067
110.708	5.52781
30.6784	31.3999
21.5554	40.442
3.95421	31.1695
18.852	10.9083
40.5063	17.0798
4.74431	8.13451
14.9545	12.9215
29.3676	37.691
37.498	16.8076
40.5464	16.681
31.732	24.6951
19.0792	4.65161
407.8	509.328
1.25888	30.9037
93.6836	99.3685
10.54	54.4793
4.59277	20.2637
145.701	68.6805
11.3798	7.98602
24.8859	16.2254
27.0381	2.77579
48.321	20.4586
37.3202	37.8829
71.6672	15.5878
12.5638	27.5718
2.69528	7.18515
86.0314	18.1779
7.53748	35.9611
18.5859	10.1782
17.8112	37.7271
26.0228	6.58804
60.5714	132.322
36.0108	23.969
2.09864	19.8338
10.3573	5.77978
11.8546	38.917
47.2167	25.1273
147.47	54.5469
23.2105	8.30087
14.4377	19.1471
13.9091	20.2156
21.443	6.5938
14.307	24.2337
1804.74	451.336
4.81336	28.4419
19.4822	17.0144
7.98244	22.8432
4.43074	2.0239
3.54995	21.9313
87.5372	219.919
35.8435	28.4996
26.1806	13.8196
8.61422	8.87618
51.1885	22.6113
15.6968	7.64997
7.45916	8.70604
11.2933	9.85275
34.2458	41.2025
8.82228	20.9708
32.4966	5.42076
208.121	24.4025
80.381	127.598
102.933	38.2537
20.0351	16.16
9.27177	36.9891
9.93841	11.201
543.591	78.5658
6.28605	7.41798
0.915568	5.08765
12.2604	7.9137
25.2206	5.91721
26.1118	5.49098
63.7366	16.262
46.9782	5.33022
6.81236	9.08488
315.521	358.705
25.3216	34.7851
3.894	19.532
53.4466	184.75
16.9616	27.4703
17.1273	14.0552
29.5741	9.97014
22.6139	25.8643
11.9992	9.26114
145.581	37.7296
77.2075	54.7747
58.0475	9.16632
34.7277	37.6279
14.7148	30.2837
14.0072	50.4033
16.8894	9.82708
11.1716	3.38974
3.34675	9.57291
10.2504	15.0428
5.70741	1.66159
67.6046	19.9181
17.0265	20.122
25.9678	51.8185
7.91403	17.5476
16.6664	6.73659
11.54	11.8597
20.7856	18.4489
15.0472	31.006
11.0905	10.2005
15.8714	4.57166
26.2437	11.1425
6.78491	9.39575
12.2165	6.48566
14.8911	9.44281
10.5874	10.6615
28.7853	13.0007
13.8588	13.299
2.75332	12.3272
53.7572	3.49008
12.3778	14.0813
148.483	276.39
38.3104	14.2167
20.1471	10.6707
1.07637	0.345848
12.6678	10.1365
65.7813	52.4205
39.3662	10.7915
100.079	296.601
28.0024	18.839
135.11	149.734
20.3346	20.093
16.2508	38.5629
15.5565	6.1455
44.4341	23.2894
94.5457	82.1568
7.91092	17.5412
13.8975	27.871
2.25224	17.6467
199.671	255.4
14.9159	9.43807
19.3379	6.00283
3.88722	1.85939
191.337	110.895
6.85012	34.2005
6.84905	31.873
43.6128	44.1507
0	0
504.502	245.645
8.94234	14.6474
41.1827	244.254
26.5587	10.2418
8.6296	11.1081
17.9944	14.3975
246.796	91.766
54.0466	57.8471
46.8746	54.3384
27.1752	22.6117
7.09451	14.4226
6.64972	17.8473
311.99	93.5527
27.9102	35.1385
63.3871	69.9405
11.4981	11.2979
17.8538	8.77475
12.8151	3.02038
22.1885	10.1507
12.7313	18.3784
77.2554	193.036
17.0702	44.7866
13.8733	16.4424
58.3507	44.5249
8.81348	18.1333
3.46885	28.1111
28.5925	19.4588
31.8336	18.5536
1.58246	7.35072
4.80272	5.63517
22.1978	20.6688
5.98026	5.21115
63.9113	35.2484
11.9524	24.1525
4.22277	15.8644
4.79836	9.89201
31.5612	16.1385
18.8957	26.2821
8.75912	16.9022
13.9954	5.0873
29.0023	22.0846
15.8799	11.0505
5.09582	0.847889
17.9384	7.72569
27.3039	27.2332
19.8024	12.4563
10.8239	5.08151
6.6113	5.3341
2.59569	29.8172
197	204.206
29.9902	75.2569
12.7422	23.386
15.3842	6.90606
12.3458	4.76915
1.22873	13.511
94.7913	143.245
56.1492	6.28495
4.70386	18.499
1208.44	289.75
12.2563	11.8489
292.237	521.218
113.909	14.7099
2.86631	4.20016
24.6123	11.3422
13.6448	21.3187
6.17268	33.4606
21.8564	4.81214
7.68305	8.00159
3.75469	7.0686
121.576	68.7043
4.27453	2.55323
33.8757	19.0814
7.67353	3.7143
11.1703	8.86578
9.88033	27.5388
431.231	120.05
38.1075	20.7603
65.7356	6.55618
10.0849	9.62681
40.6437	27.0206
6.82782	21.8434
37.5285	58.4836
3.84732	27.108
43.2028	42.6671
23.9868	3.94373
24.4086	73.2353
15.9191	13.3766
50.459	43.6582
111.683	128.143
10.2267	6.95421
43.727	17.035
6.55552	17.2269
4.50039	43.0898
4.46583	6.71845
19.9699	22.5349
19.0758	12.9405
69.2539	153.613
11.2326	4.33926
0.651941	5.39141
4.4011	7.96261
1.51091	8.33536
141.509	36.5466
112.355	110.365
135.545	95.633
44.0709	43.4113
22.7496	4.17423
70.1508	88.526
0	0
44.1625	29.9287
13.356	34.3929
19.8359	28.1812
143.26	541.22
551.196	493.394
0.541181	10.4624
124.937	25.2788
12.2949	14.8348
33.4271	28.8757
9.57763	17.3362
10.225	0.133634
5.05993	9.34064
12.8484	27.1086
36.7349	4.56562
38.3022	25.1637
24.2774	19.9011
56.779	27.1164
22.0014	17.2503
60.0739	24.3785
65.5981	15.1212
5.56717	12.1057
42.9428	25.038
37.5959	15.1497
67.184	18.5749
20.4171	14.9661
42.4237	7.40552
32.9312	42.1794
84.0902	90.7198
219.881	89.3847
27.5178	3.10872
65.0347	28.4156
6.16264	20.3336
75.3449	68.1728
5.80058	11.5594
112.685	41.862
11.8016	9.22469
14.1576	62.2716
20.1061	10.7717
27.3996	9.1634
39.9635	55.305
3.16143	8.09383
15.5271	29.8548
39.8741	44.9793
1.55341	1.37992
1.50612	14.9642
20.3062	36.1158
15.2665	15.4505
1.59958	11.8894
27.119	0.0944837
18.5257	35.7682
0.933803	16.6138
65.4155	39.4621
37.2842	32.726
15.8604	5.05364
18.0974	7.16111
22.3697	7.62682
35.201	82.9243
32.3527	3.08592
7.11037	4.63047
26.7097	2.49067
4.88069	8.95206
6.96766	27.2201
6.23947	7.98407
13.5177	13.9543
230.296	100.521
37.2395	31.4475
14.9312	30.2433
9.74297	5.69518
53.3243	76.1131
12.9786	79.3487
20.1861	34.5494
30.3261	14.9124
39.5985	19.4648
113.663	18.8019
12.665	13.7896
17.088	10.836
407.005	147.694
11.1458	8.51506
16.6675	34.593
13.2315	21.0298
203.754	205.528
8.84985	6.14658
180.34	94.3597
50.218	86.1697
9.59283	6.98769
10.8952	15.4026
16.8208	180.678
64.6176	29.0654
12.7237	12.9145
3.67663	19.6968
9.81521	16.1542
157.096	14.3161
11.5482	32.6571
3.53556	13.1757
24.7729	21.8682
12.0396	28.8173
21.0855	4.68711
6.94598	8.11755
49.8013	42.3674
6.05781	7.25274
7.09601	10.0262
21.989	37.5006
670.622	1044.97
10.7689	17.1521
43.8301	38.9109
43.2777	28.1106
66.4207	30.8812
11.8968	17.0501
9.48191	5.89656
63.4861	45.6813
25.0788	7.81916
4.89986	1.26345
28.471	11.8512
9.09834	0.471919
32.0366	4.37012
32.5807	10.5383
1.52574	45.2502
8.22404	12.5728
11.8413	12.2211
16.3351	3.15725
20.1977	8.55486
32.1143	38.2374
31.7852	21.6072
6.96621	19.8531
23.0487	44.5938
42.5949	9.13841
2.31487	49.1726
52.1803	51.5659
17.1546	21.093
5.06417	6.12316
6.79222	23.9831
2.27633	8.384
6.78776	31.4053
123.998	100.016
114.383	7.82108
15.8465	13.4713
31.4242	47.107
201.906	225.302
8.00294	15.8466
4.39814	45.2775
30.1871	78.9882
19.7998	8.98002
3.58886	16.3833
13.205	7.11307
5.25677	11.41
6.85181	19.2658
3.37629	5.03999
38.9848	100.165
9.79167	12.9455
23.7921	16.3318
348.112	168.432
51.0007	36.9208
43.2016	27.3362
94.2478	109.191
29.3573	1.61489
313.403	101.833
122.063	14.9024
23.536	13.3101
89.225	46.7312
7.75692	9.61858
6.82357	22.6647
60.5579	32.544
12.0401	4.02734
86.4081	7.52018
12.0749	3.14302
24.1296	45.9067
1.48585	9.6536
15.5847	5.53424
3.12469	23.5036
5.85654	1.84651
266.304	67.1029
19.3859	21.6262
46.3584	0.345457
12.3558	10.6479
30.5826	14.5087
13.2312	18.1635
41.6099	283.69
49.095	14.8064
11.8083	10.3216
47.104	12.7712
28.7115	38.1138
13.2085	32.8626
4.59458	3.21973
0.683445	3.48933
6.06534	36.5702
42.8445	2.34759
59.1046	7.58681
27.9053	15.1844
12.6348	9.204
16.3136	20.7698
3.34082	4.26748
12.372	48.1525
28.6639	10.675
59.9963	58.6844
113.71	100.172
2097.48	21.2709
52.5323	12.8874
15.4655	55.4136
14.1313	8.0753
20.9218	14.9915
273.791	18.79
10.5899	16.6078
9.6235	3.055
12.3396	27.9068
60.2334	5.15185
51.0918	53.8268
19.7992	27.954
35.3395	19.3242
0.563319	20.1276
18.6978	7.08487
3.74662	3.83342
36.9586	41.4191
47.6522	12.893
3.76953	1.26902
23.4754	21.143
7.31433	15.4146
14.0385	36.5108
106.379	75.0083
30.266	41.3472
7.83151	1.83668
17.5047	3.6547
5.78181	10.5342
18.5077	12.7367
1.79845	5.81611
15.1159	8.30892
5.18701	1.60647
40.6733	6.88275
36.5445	32.1132
11.9456	8.25286
40.1467	81.9982
22.6385	19.7129
6.8145	18.9107
11.0921	25.6515
233.769	112.378
117.637	50.5896
12.7506	27.2609
41.3301	26.2441
230.675	338.263
16.5465	11.7948
51.8847	27.5163
1.88391	15.6081
29.7185	40.1573
6.52993	17.9429
36.7903	15.8342
8.77321	34.9242
59.2941	25.5544
7.13419	18.4644
703.07	582.328
17.9244	35.0814
4.00859	9.56355
1.93826	3.63061
7.14327	7.55624
10.1262	19.3811
11.6257	18.5809
32.7119	18.4827
23.9648	23.0329
48.5072	34.4654
6.92377	31.1334
111.962	40.4677
1.42984	2.92148
12.9218	83.5611
105.31	99.5517
9.46964	13.0079
22.1112	60.3542
28.6592	24.0225
1.81843	20.4315
13.0825	47.4475
26.6184	29.0473
47.3528	9.29486
2.8053	11.2919
23.9928	6.39186
25.4432	3.0885
22.6887	25.2417
40.3619	24.8467
39.0504	22.7302
752.813	85.0918
18.5253	10.3042
5.15034	7.03271
258.964	32.6978
4180.73	298.84
34.7176	18.3406
10.6432	2.95587
181.126	489.685
15.0525	29.4534
8.09382	13.8684
34.362	8.0584
27.6049	78.5893
9.27824	12.951
11.8672	41.4741
15.6719	6.25224
6.71791	6.16974
24.0041	17.1891
0.410884	1.39473
23.1378	31.8107
1.39362	0.298851
92.6339	17.9907
13.6509	7.06623
34.4097	116.183
25.1254	12.0136
1.06875	12.6736
47.2559	21.6902
9.8425	58.8093
1.98123	79.8157
60.7079	62.325
9.13105	16.4749
36.8176	11.8601
10.4166	3.95571
73.1305	23.898
10.8735	16.6617
20.4547	14.6981
34.1985	7.56037
52.849	31.4178
28.6778	10.5976
75.8116	7.28648
14.4837	29.3792
17.3873	5.129
11.2729	17.6513
4.24657	11.0003
9.94297	13.9745
3.26813	8.70438
67.8122	48.2543
77.745	20.7668
5.49995	2.6531
14.7256	17.1903
5.51404	18.2122
65.0598	27.4572
9.36999	15.1842
0.20997	0.627585
5.89689	7.94628
33.2217	18.4291
123.924	505.501
4.0718	27.5046
9.13969	17.7531
5.95077	19.3066
10.6662	14.3523
14.9002	47.3609
46.4064	34.3577
5.27977	6.12008
78.0953	65.9349
3.5103	13.414
60.2977	12.9786
0.25139	56.6504
8.46502	7.82335
11.1224	31.9834
18.4653	9.69244
67.4744	25.0935
14.1482	17.2979
16.6434	36.2263
332.793	396.329
25.5027	54.8449
3.08615	5.60573
18.2388	17.5477
5.42692	10.3948
20.42	55.8654
124.692	92.668
13.3435	16.2576
36.0128	1.37532
77.1684	26.7429
10.8897	14.8176
11.828	12.8578
9.70707	16.9417
24.8576	24.4907
66.577	57.081
6.34393	10.1829
18.05	49.5475
6.18984	2.6267
303.047	49.7764
7.50114	9.83386
12.0164	16.2014
16.1041	11.7463
69.8494	103.239
164.519	77.5955
5.34248	12.4946
18.3269	18.8057
18.8274	3.75987
5.98302	11.5466
23.7176	25.1802
1.95566	9.2476
30.2702	34.1805
6.64007	13.1708
3.08954	4.95109
223.212	65.1993
10.9674	1.97256
22.5689	63.9252
9.49609	3.51953
38.3994	28.9788
49.2199	9.20491
23.0713	5.73115
23.5831	32.1422
59.5774	124.625
4.35148	47.0839
74.7361	29.3183
11.3013	59.0486
5.77445	18.6469
6.72472	10.7228
117.733	34.6376
13.2569	15.4113
57.2286	47.1123
16.5169	8.19902
675.478	212.748
4.3885	58.1477
7.62694	7.47659
23.2316	2.74769
10.0637	10.6345
27.8783	30.6491
4.49579	2.18755
12.7262	10.5201
58.255	76.7886
8.09821	21.2703
216.886	33.1449
25.4324	42.5097
39.4269	11.8167
38.8895	24.5115
18.6862	5.40357
22.2189	49.4909
30.8529	35.8638
143.548	81.9036
12.5899	8.39692
30.1511	23.279
19.9111	24.3686
22.116	33.3854
9.82949	15.3421
3.38676	1.16252
9.31403	9.5772
10.9764	5.97743
82.8621	7.19647
119.694	80.7582
6.91622	10.9505
14.8184	2.12245
40.3815	75.2818
33.3954	20.9889
29.7899	18.1464
12.3798	6.73437
3.56141	3.16737
6.91977	35.8737
32.5391	17.8468
29.8332	41.0901
18.851	6.50086
14.344	14.0147
0	0
9.70423	36.1717
44.8269	27.8923
7.46316	12.5503
8.26418	0.585333
2235.46	2189.63
24.6837	19.7895
34.1525	17.7307
23.0955	8.53973
62.9646	66.9656
0	0
20.7949	33.4921
24.7474	35.5951
19.8381	4.48075
73.2826	13.0382
32.127	69.6925
62.8316	75.4245
23.8212	8.68415
33.0597	8.47312
131.678	6.03721
2.28956	10.6252
52.999	18.1772
3.37355	4.61042
726.353	85.5908
17.7358	6.70466
9.7228	15.6685
44.2053	35.8871
13.7761	10.5306
61.9559	42.5562
94.4734	84.6567
31.3502	31.7384
5.52444	11.8384
6.87994	34.7696
9.35967	17.2272
11.4942	2.91015
7.821	6.24262
3.7243	7.71528
90.1386	10.5398
11.7327	11.6551
17.3382	43.2147
14.4633	5.85014
4.60683	43.0426
115.617	95.8092
9.77113	11.2785
62.722	108.847
17.2008	18.041
21.3435	4.90249
3.25642	36.0217
112.479	68.4883
14.3329	13.2741
17.0276	43.8115
5.37858	14.8452
4.19613	1.6424
26.6622	13.6125
44.1682	69.1416
13.7253	5.37762
32.4145	7.4745
9.32168	22.1742
9.59391	5.65597
717.825	38.717
18.2521	34.1498
15.3067	11.4629
8.2167	5.02125
29.7747	24.1298
8.68456	71.0435
5.7884	3.88863
36.0374	14.0903
24.1276	14.9218
142.127	38.4266
18.4741	2.17276
9.85858	34.7301
6.77691	16.095
100.73	95.5238
18.9374	68.6319
5.95383	21.041
391.714	270.814
201.376	71.0232
35.6029	41.5882
68.2845	6.34701
19.4921	6.26629
31.2024	27.3127
0.334206	31.492
18.7303	28.5878
9.86936	4.55893
11.4791	13.982
97.0495	54.2979
12.6736	32.0345
38.7058	15.5143
14.5681	6.94299
11.9449	6.84332
15.9113	8.53166
22.9286	20.4943
2996.47	633.428
5.06109	4.20201
29.0039	40.6545
22.4217	22.5398
56.2722	13.1817
46.8185	55.3367
228.738	63.8181
31.945	31.8012
476.257	23.9636
14.3622	190.086
4.76285	7.94112
41.6043	14.5915
20.8231	70.8099
10.2453	3.73433
30.3896	27.5724
1.69015	29.6685
11.2139	24.8329
26.659	4.76059
26.9218	28.5587
35.4408	30.9185
1.12166	36.1154
14.4677	13.4724
189.208	43.5078
12.8283	14.73
5.34289	7.61577
31.2791	32.2053
16.2088	8.3775
7.25002	26.622
8.32931	11.7458
15.608	25.9882
4.09982	1.39012
6.13708	2.02389
30.3706	3.8201
12.8839	3.30099
13.6142	16.6472
10.4761	19.8078
32.1387	37.7208
7.27728	15.0839
4.3401	2.76989
3.08433	8.79436
4.90944	8.76045
8.27929	18.4407
22.139	19.878
29.9231	64.3262
187.923	35.0163
27.4995	35.8047
147.002	57.7084
27.0011	16.3908
160.582	44.3248
112.349	351.155
11.1082	7.34722
9.2162	22.8823
3089.73	2709.61
44.9717	12.2267
28.9739	21.7775
10.0426	34.6265
183.182	35.0333
25.9889	10.2875
184.884	6.62097
4.08052	2.94513
20.7933	28.8687
22.8662	21.4895
23.493	24.914
15.3786	33.3045
52.9751	17.7606
133.303	35.2372
12.9979	8.79388
1.94076	10.1009
8.57924	18.3597
10.9984	2.964
951.792	355.791
23.3596	42.7615
12.9479	49.3658
730.206	766.252
264.849	51.2497
14.217	7.16866
9.59289	5.14266
41.3393	10.6179
861.189	905.442
60.4723	178.514
64.1718	76.9724
106.28	27.5862
21.1657	6.22978
8.30333	16.524
12.0617	10.7516
16.5025	0.406541
4.47166	2.46393
10.4892	7.79158
18.414	97.5536
11.9352	16.6548
29.5632	42.7182
39.6989	29.5462
35.7646	178.68
22.1137	13.3414
16.1012	9.95576
3.23005	11.6587
65.4999	22.7747
10.476	42.1763
8.11207	2.87087
423.523	165.024
23.9067	32.586
424.502	57.1209
785.393	67.1802
20.6318	24.3315
26.8966	18.5125
16.8673	25.2586
23.7096	6.50008
17.1745	23.3624
37.4831	60.3439
3.4315	40.6559
2.64245	7.61197
7.4787	4.00791
27.9846	21.924
11.4993	17.2424
35.3675	8.16022
12.167	3.30493
77.3376	24.7186
10.9752	13.7373
296.169	230.241
0.481703	22.6451
15.4103	50.4636
82.0986	76.3234
244.768	44.1602
193.926	164.406
14.8055	3.72263
54.6093	1.01589
4.77643	4.8338
60.2638	117.499
41.7739	9.34623
36.3703	45.3298
15.7192	3.65033
2.75851	4.20486
9.7576	14.2533
9.28751	13.4989
12.8851	16.7145
13.733	5.93841
19.635	26.9637
2.34564	0.916462
11.9161	17.295
17.1483	12.4151
112	42.4129
52.5203	4.97938
23.8361	14.6334
35.5045	29.9174
25.2961	18.0926
519.846	140.711
14.5128	11.6355
31.8976	20.6009
44.1691	35.6753
16.3619	9.79103
6.86225	5.96045
46.8027	39.4641
5.44587	7.88316
14.3614	29.3228
7.58756	1.00137
3.14038	3.44112
17.7364	19.782
3018.62	2175.52
3.24388	2.72018
8.92734	9.58032
257.634	65.9539
45.2136	29.7634
4.35762	15.9553
40.2894	32.7341
61.0243	73.9056
119.023	13.3648
26.6385	15.1415
53.6405	34.6831
0	0
3.83582	8.02331
5.86774	8.37804
13.7614	35.9523
103.504	45.7099
4.44006	21.2426
71.6723	78.0037
12.8159	18.164
449.247	302.068
14.9601	22.9273
10.7571	8.63532
12.235	22.7218
19.2605	51.3113
3.49891	2.83529
37.129	104.836
20.8939	9.82192
16.2296	20.0737
17.1002	17.497
76.6272	21.8761
18.4912	8.44175
6.65379	20.7917
41.5592	22.7876
43.1422	90.3903
25.0393	48.3905
1.06519	6.58738
0	0
61.5201	98.7493
11.0595	3.97227
12.9282	13.6951
19.3709	36.3478
30.0761	17.4588
12.0217	19.2427
17.7914	4.0708
22.461	0.582593
541.76	337.197
76.8356	22.8874
9.7391	6.46457
5.46266	39.6187
29.7325	6.71745
6.64187	7.80931
10.1366	1.72659
92.1497	14.3453
14.1051	40.6423
3.41392	10.9131
9.75818	35.2198
4.27936	8.27984
6.13197	10.0522
65.0037	38.8108
5.46863	10.7256
20.7679	26.4715
400.043	81.7245
14.4093	3.93813
16.9444	26.2865
2.60708	24.6032
16.5577	6.74013
46.7631	4.15798
1.22935	7.86562
2.97166	14.9135
26.02	15.8363
5.85461	5.94387
28.2663	3.59262
9.88263	3.7264
21.118	8.17376
23.1922	15.5693
32.3312	46.4269
24.4164	57.923
53.1835	11.3437
4.81147	29.1126
2.30162	8.49435
27.6883	36.5972
9.21908	8.83746
18.723	6.32749
34.0614	15.8585
8.88948	55.1485
18.8065	13.0817
214.057	149.708
19.7664	142.698
6.00961	3.13226
8.17936	13.1186
7.30753	6.45618
2.69984	2.06754
15.0385	13.2297
14.0395	28.0687
184.497	203.232
5.00875	8.79779
9.97423	12.6802
5.65168	6.33674
2.98431	9.97104
14.0976	9.05337
106.825	50.2314
5.78655	12.551
8.47918	42.3208
6.93873	10.6944
20.3265	9.92286
9.35997	10.9765
1895.08	400.463
0.821852	0.441175
24.4834	21.2922
96.6705	33.1094
97.9624	27.1626
10.2885	6.65789
10.5311	14.5125
34.6043	57.8048
0.567678	11.4901
21.4016	12.0627
7.19616	11.5905
19.3154	32.7865
148.056	2945.7
4.86442	14.5457
9.5399	15.4291
83.7682	21.9424
31.5854	16.8904
1.17978	15.4362
19.0772	15.3699
34.2656	20.1118
42.8395	53.6975
29.0277	5.97818
110.902	121.122
23.9504	10.8225
12.8625	34.593
4.00742	8.38597
199.922	78.1636
22.5825	15.4233
84.2221	15.1509
48.063	15.1815
6.60435	5.70992
59.1886	68.7875
14.5716	8.64176
38.0441	27.8492
4.5347	8.12659
39.5377	31.5605
5.24231	12.7675
71.0787	62.7384
45.5612	8.05729
33.1137	15.2693
8.19644	52.5238
66.3865	32.2441
8.76104	15.2987
81.8919	92.2698
16.3794	19.4792
8.40149	4.19598
155.27	47.2125
32.0298	20.4936
50.8198	17.9724
7.63165	30.3557
7.38854	35.8079
20.8388	21.4658
9.75019	28.9963
22.0282	2.78283
219.641	96.843
131.352	65.6297
2.86874	11.8427
19.4368	66.1436
10.144	1.56994
8.4387	18.5169
35.7923	42.2132
29.3825	21.4973
8.39529	32.588
394.751	702.561
2.67401	1.54904
103.044	37.0369
248.471	657.759
28.0638	10.0487
12.9853	25.555
47.9028	3.46628
31.2543	3.59538
5.7687	21.8114
7.42724	9.7222
16.7575	7.74676
31.2926	28.4615
107.312	19.005
24.6661	40.387
13.8623	57.9065
30.7142	3.29445
26.907	2.95992
98.2804	84.6704
15.2187	19.8933
2.30778	21.1549
12.3376	9.61334
264.517	211.482
2.63151	87.8894
159.304	114.877
211.029	16.5919
2.20088	19.6018
6.27764	10.8552
15.9867	6.82948
160.817	16.8726
0	0
5.06519	54.1405
0.975345	129.601
15.6795	3.27691
15.1305	5.98529
22.1845	45.5806
0	0
4.71008	11.7459
3.38514	20.0424
42.7982	19.591
17.9056	11.5801
56.9715	33.7014
7.50349	1.17619
7.22412	11.0077
13.826	21.9589
16.6568	8.7493
53.8187	60.8987
69.3197	9.58906
68.707	40.2462
5.23084	1.80946
4.9562	3.58536
14.9081	13.9134
2.43421	17.5681
35.5837	32.3668
5.82082	3.21397
28.2343	36.4211
17.497	9.52526
30.7641	15.0274
2.55313	5.62056
76.4475	30.1191
15.962	16.9335
8.85977	4.62865
16.5725	37.9032
123.525	85.248
8.90824	40.897
19.0628	12.9649
38.4713	7.30485
47.5235	190.579
18.1744	4.18188
13.5457	3.35466
23.8158	18.3934
108.54	122.379
31.6934	19.859
23.8561	30.8233
33.4025	34.0293
19.8932	24.039
78.4765	50.1998
53.9618	22.6043
46.4625	47.9722
9.89181	10.8242
1.28436	1.90284
9.0901	25.7374
30.6586	11.705
483.66	526.151
36.7142	3.37435
65.8602	13.7972
7.97149	90.006
1453.24	339.243
15.436	18.6312
45.0087	138.037
30.7376	7.04867
19.4523	12.8182
43.6465	51.9677
11.2173	20.0347
44.2536	10.7699
64.6295	14.1594
16.9012	19.1895
100.907	40.7781
22.8278	35.8326
325.573	303.344
14.0881	42.9615
26.5178	15.9245
12.5723	59.9393
11.1703	10.9813
3.71329	6.28384
13.9487	6.45436
14.6179	13.9173
62.2175	19.1887
49.8151	163.341
56.2895	49.3477
18.6724	1.63894
130.795	93.152
48.5288	13.2284
12.7841	13.0575
504.74	24.795
1.54192	17.3152
16.8411	10.5472
28.5538	17.8373
2.25363	16.036
9.35156	14.5926
17.1285	18.5562
10.6608	6.38524
14.6193	8.00944
3.36118	7.85039
33.2488	20.0769
49.6396	51.8627
335.049	321.12
9.13017	16.8345
9.53643	27.2825
366.179	477.665
30.2993	20.2361
175.317	33.1902
17.8282	37.9471
32.8022	15.2256
15.0028	2.97235
25.7555	17.3861
12.7783	30.6262
0.86809	1.61109
18.9348	21.8096
76.5877	9.87467
8.65068	19.3011
48.9878	24.1168
0.417911	16.1678
395.662	151.195
1.60271	2.91848
15.7062	8.96633
17.1937	39.4142
6.06573	16.6864
0.545432	6.5185
5.41318	3.05794
7.00737	12.9622
7.13715	4.5092
137.316	132.138
6.5291	5.58953
10.1454	15.9423
14.524	13.7694
0.760217	43.8068
140.718	43.4072
341.526	204.373
36.9539	49.475
10.9158	20.0963
28.399	31.743
13.5695	22.6448
16.6574	39.6653
14.6232	15.6899
163.592	27.1461
9.83155	9.86205
35.9219	51.1098
4.22096	7.79909
33.4438	8.88532
184.545	46.9904
36.0021	39.7023
11.0919	12.4531
7.1349	12.6692
59.7226	18.6833
2.1992	7.08631
46.8208	29.1781
7.35861	19.8071
6.9474	15.0486
29.1258	24.6587
1.12309	11.8009
29.1727	24.9557
9.47693	6.14792
27.7629	21.7165
11.3943	27.74
12.8984	27.193
483.51	291.273
6.5045	1.1927
686.773	2211.42
